OGLE-LMC-DPV-001 17.799 18.493 109.436370 0.045271 3313.89775 0.312 3042.658 67.860 1261.153 0.557
OGLE-LMC-DPV-002 16.997 17.244   4.295201 0.000088 3398.47094 0.084  136.320  0.053 3294.794 0.195
OGLE-LMC-DPV-003 16.935 17.263   5.748219 0.000293 3394.31320 0.043  181.361  0.291 3331.297 0.062
OGLE-LMC-DPV-004 16.727 16.870   5.959469 0.000134 3399.45012 0.084  195.215  0.084 3307.020 0.181
OGLE-LMC-DPV-005 17.446 17.580   4.973327 0.000020 3399.57860 0.483  172.887  0.224 3343.254 0.101
OGLE-LMC-DPV-006 16.111 16.324   8.278144 0.000038 3397.49667 0.531  251.937  0.240 3249.943 0.150
OGLE-LMC-DPV-007 16.427 16.541  54.386192 0.010235 3371.80388 0.088 1665.501 12.095 3076.729 0.161
OGLE-LMC-DPV-008 14.487 15.014  65.595750 0.035240 3358.86630 0.021 2525.890 43.258 1128.253 0.035
OGLE-LMC-DPV-009 16.055 16.257  11.146445 0.001278 3393.03929 0.038  373.251  0.555 3119.403 0.109
OGLE-LMC-DPV-010 16.909 16.997   3.916306 0.000060 3396.88866 0.109  112.805  0.135 3292.002 0.063
OGLE-LMC-DPV-011 17.420 17.782   4.480730 0.000081 3395.95194 0.073  140.587  0.096 3358.123 0.105
OGLE-LMC-DPV-012 15.020 15.201   7.758822 0.000117 3396.85783 0.320  219.860  0.547 3285.977 0.111
OGLE-LMC-DPV-013 17.156 17.463   5.139604 0.000131 3396.19466 0.060  167.890  0.107 3244.471 0.118
OGLE-LMC-DPV-014 15.678 15.727   6.196641 0.000032 3397.33037 0.281  179.857  0.095 3286.168 0.181
OGLE-LMC-DPV-015 15.269 15.402   8.406280 0.000166 3394.03336 0.064  251.534  0.138 3155.479 0.136
OGLE-LMC-DPV-016 17.180 17.660   8.535424 0.000332 3398.31719 0.054  294.579  0.307 3161.489 0.113
OGLE-LMC-DPV-017 17.709 18.101   4.262888 0.000082 3399.96523 0.088  131.430  0.117 3325.765 0.105
OGLE-LMC-DPV-018 17.849 18.483  20.988244 0.000366 3395.69521 0.715  799.297 12.407 2939.973 0.069
OGLE-LMC-DPV-019 16.177 16.397   7.363068 0.000173 3398.63992 0.075  255.609  0.097 3387.187 0.239
OGLE-LMC-DPV-020 16.565 16.895   8.503377 0.000376 3392.41067 0.041  310.821  0.165 3211.481 0.216
OGLE-LMC-DPV-021 16.830 17.073   7.395549 0.000058 3395.75450 0.371  249.197  0.135 3294.994 0.273
OGLE-LMC-DPV-022 16.396 16.502  45.188161 0.007658 3394.89769 0.078 1778.726 10.568 2776.294 0.117
OGLE-LMC-DPV-023 17.450 17.699   5.487494 0.000122 3394.92308 0.075  175.514  0.277 3386.865 0.059
OGLE-LMC-DPV-024 17.843 18.072   3.797391 0.000017 3398.46681 0.363  120.650  0.158 3388.046 0.073
OGLE-LMC-DPV-025 15.974 16.219   8.023998 0.000091 3394.85097 0.107  256.245  0.046 3295.565 0.362
OGLE-LMC-DPV-026 16.609 16.700   5.179857 0.000011 3399.19693 0.281  154.044  0.043 3277.816 0.139
OGLE-LMC-DPV-027 16.561 16.783   6.224644 0.000050 3395.70055 0.086  204.293  0.033 3201.770 0.225
OGLE-LMC-DPV-028 14.169 15.234   5.771652 0.000075 3394.89422 0.027  205.551  0.358 3373.027 0.015
OGLE-LMC-DPV-029 15.754 15.826   5.203664 0.000052 3396.08586 0.045  156.542  0.045 3283.088 0.090
OGLE-LMC-DPV-030 17.200 17.349   4.885070 0.000030 3396.89588 0.330  160.749  0.164 3258.985 0.106
OGLE-LMC-DPV-031 16.921 17.181   6.421915 0.000168 3399.04189 0.064  227.757  0.078 3363.395 0.284
OGLE-LMC-DPV-032 17.159 17.402   6.296848 0.000016 3395.56649 0.475  210.095  0.069 3377.163 0.230
OGLE-LMC-DPV-033 15.717 15.879   9.721352 0.000103 3391.77528 0.107  380.512  0.109 3119.163 0.235
OGLE-LMC-DPV-034 16.754 17.276  24.511564 0.000187 3397.71026 0.627  761.087  2.265 2826.496 0.102
OGLE-LMC-DPV-035 15.380 15.483   7.697490 0.000047 3395.74674 0.130  228.995  0.027 3263.110 0.367
OGLE-LMC-DPV-036 17.795 18.711  17.023934 0.000180 3396.08945 0.651  354.513  1.096 3316.411 0.105
OGLE-LMC-DPV-037 15.114 15.214  13.517412 0.000203 3396.10389 0.229  333.570  1.662 3290.333 0.024
OGLE-LMC-DPV-038 15.263 15.490   9.767955 0.000114 3397.59322 0.071  348.600  0.089 3116.843 0.219
OGLE-LMC-DPV-039 15.961 16.136   5.040459 0.000028 3398.52064 0.067  155.994  0.044 3297.974 0.076
OGLE-LMC-DPV-040 17.190 17.342   5.703672 0.000035 3398.90173 0.279  177.111  0.253 3356.133 0.056
OGLE-LMC-DPV-041 16.946 17.291   8.083607 0.000154 3394.43700 0.081  316.482  1.210 3228.240 0.031
OGLE-LMC-DPV-042 15.944 16.059   3.333924 0.000027 3398.82118 0.024  153.140  0.149 3384.992 0.016
OGLE-LMC-DPV-043 16.469 16.712   7.173167 0.000271 3397.09028 0.044  229.903  0.333 3382.572 0.056
OGLE-LMC-DPV-044 16.418 16.882   4.926440 0.000049 3396.82998 0.068  158.393  0.090 3255.024 0.071
OGLE-LMC-DPV-045 16.789 17.133   8.603509 0.000187 3395.11994 0.048  320.366  0.160 3311.653 0.121
OGLE-LMC-DPV-046 17.691 18.366  16.204404 0.001269 3394.37864 0.090  616.937  4.617 2961.073 0.039
OGLE-LMC-DPV-047 16.151 16.325   5.815552 0.000087 3399.85199 0.028  211.953  0.094 3250.411 0.052
OGLE-LMC-DPV-048 14.283 14.367   9.969451 0.000326 3396.45175 0.031  293.353  0.046 3204.996 0.209
OGLE-LMC-DPV-049 16.234 16.505   9.138882 0.000031 3390.99098 0.812  370.975  0.149 3043.442 0.441
OGLE-LMC-DPV-050 16.426 16.714   5.662170 0.000097 3394.36303 0.030  253.058  0.173 3317.787 0.047
OGLE-LMC-DPV-051 17.594 17.961   6.514766 0.000018 3397.55715 0.413  225.508  0.066 3200.149 0.267
OGLE-LMC-DPV-052 16.525 16.727  10.747403 0.000180 3395.09040 0.090  365.632  0.082 3398.811 0.284
OGLE-LMC-DPV-053 14.920 15.084  28.497059 0.000398 3389.97188 0.620  892.977  8.549 3037.953 0.064
OGLE-LMC-DPV-054 16.229 16.332   5.795985 0.000045 3399.86452 0.063  254.710  0.267 3324.843 0.020
OGLE-LMC-DPV-055 15.728 16.256   6.290077 0.000096 3395.20321 0.028  204.750  0.486 3398.886 0.077
OGLE-LMC-DPV-056 15.374 15.411   7.284285 0.000017 3394.61820 0.666  176.146  0.077 3365.581 0.195
OGLE-LMC-DPV-057 17.224 17.470   5.815436 0.000084 3398.45153 0.069  204.190  0.080 3385.926 0.138
OGLE-LMC-DPV-058 15.527 15.623   8.307366 0.000032 3392.12700 0.229  312.487  0.056 3246.488 0.251
OGLE-LMC-DPV-059 14.522 14.703   2.022272 0.000038 3399.67406 0.057   54.726  0.036 3362.960 0.068
OGLE-LMC-DPV-060 16.615 16.803   6.517431 0.000015 3399.97554 0.228  206.592  0.102 3258.435 0.059
OGLE-LMC-DPV-061 14.648 14.913  18.153548 0.000211 3391.65825 0.412  644.400  1.985 3285.374 0.059
OGLE-LMC-DPV-062 15.823 15.823   6.904830 0.000015 3398.09571 0.360  229.080  0.062 3291.279 0.187
OGLE-LMC-DPV-063 16.206 17.342  45.771702 0.000755 3397.53310 0.660 1288.610  2.176 2803.196 0.178
OGLE-LMC-DPV-064 15.850 15.878   4.820440 0.000017 3396.44471 0.081  141.861  0.021 3287.037 0.098
OGLE-LMC-DPV-065 14.717 14.739  10.031645 0.000033 3392.27957 1.103  266.670  0.227 3241.135 0.172
OGLE-LMC-DPV-066 16.129 16.335   9.630734 0.000205 3397.42877 0.117  334.670  0.117 3154.990 0.422
OGLE-LMC-DPV-067 16.128 16.270   5.738103 0.000082 3395.05962 0.036  179.960  0.043 3287.177 0.101
OGLE-LMC-DPV-068 17.426 17.647   3.776995 0.000031 3396.54667 0.056  116.429  0.063 3323.678 0.041
OGLE-LMC-DPV-069 15.708 15.873   6.711177 0.000202 3395.43045 0.051  193.907  0.103 3232.009 0.129
OGLE-LMC-DPV-070 16.270 16.395   6.571778 0.000027 3395.21076 0.195  188.306  0.076 3312.842 0.113
OGLE-LMC-DPV-071 17.699 17.964   4.297976 0.000052 3399.14615 0.092  105.087  0.121 3378.424 0.034
OGLE-LMC-DPV-072 16.769 17.044   6.426544 0.000409 3398.48178 0.026  212.353  0.521 3328.553 0.035
OGLE-LMC-DPV-073 17.711    -    27.731474 0.000723 3375.90015 0.690 1033.261  8.232 3112.203 0.141
OGLE-LMC-DPV-074 16.817 17.953  38.159229 0.000306 3370.26235 0.568 1544.712  5.107 2245.756 0.084
OGLE-LMC-DPV-075 18.727 18.611   3.629066 0.000027 3396.75737 0.314  119.973  0.136 3388.812 0.120
OGLE-LMC-DPV-076 15.743 17.296   3.629083 0.000065 3398.64178 0.007  120.230  0.030 3394.974 0.038
OGLE-LMC-DPV-077 16.800 16.987   6.771900 0.000208 3398.27672 0.059  250.063  0.292 3270.781 0.092
OGLE-LMC-DPV-078 16.198 16.405   7.263067 0.000051 3399.72625 0.069  231.784  0.050 3268.137 0.145
OGLE-LMC-DPV-079 17.003 17.304   6.772934 0.000256 3394.04291 0.090  214.304  0.123 3211.340 0.321
OGLE-LMC-DPV-080 15.739 15.899   7.317352 0.000147 3394.55559 0.037  227.404  0.065 3282.836 0.098
OGLE-LMC-DPV-081 16.850 17.083   6.934099 0.000161 3394.70316 0.128  243.044  0.082 3249.870 0.429
OGLE-LMC-DPV-082 16.440 16.524   4.692743 0.000024 3395.73826 0.096  142.264  0.066 3391.504 0.061
OGLE-LMC-DPV-083 15.402 15.404   6.702378 0.000080 3396.18211 0.078  200.685  0.065 3245.044 0.164
OGLE-LMC-DPV-084 15.159 15.377  15.858992 0.000224 3392.32310 0.092  602.381  0.509 2981.264 0.139
OGLE-LMC-DPV-085 14.643 14.501  11.514977 0.000653 3389.48991 0.025  537.655  2.221 3144.314 0.032
OGLE-LMC-DPV-086 16.740 16.944   4.530357 0.000067 3396.12614 0.052  158.441  0.083 3375.847 0.085
OGLE-LMC-DPV-087 16.983 17.129   4.270123 0.000020 3399.56327 0.092  136.535  0.046 3385.670 0.073
OGLE-LMC-DPV-088 14.719 14.795   8.612201 0.000988 3398.09407 0.019  277.479  0.252 3189.416 0.068
OGLE-LMC-DPV-089 16.186 16.462   7.182368 0.000070 3394.07564 0.070  258.321  0.051 3290.909 0.210
OGLE-LMC-DPV-090 16.990 17.273   5.596770 0.000036 3398.60311 0.108  179.360  0.130 3300.033 0.322
OGLE-LMC-DPV-091 17.512 17.718   3.982702 0.000071 3398.03624 0.141  152.038  0.374 3345.645 0.055
OGLE-LMC-DPV-092 15.148 15.367  18.466259 0.000604 3381.74816 0.028  976.820  1.203 2433.721 0.075
OGLE-LMC-DPV-093 16.940 17.128   6.288132 0.000069 3398.15495 0.049  239.683  0.269 3352.768 0.034
OGLE-LMC-DPV-094 16.744 17.020   8.108989 0.000039 3394.25740 0.173  309.418  0.342 3236.109 0.047
OGLE-LMC-DPV-095 15.379 15.517  15.721572 0.000591 3388.62181 0.023  491.485  0.319 3135.981 0.062
OGLE-LMC-DPV-096 14.324 14.463   9.524614 0.000620 3391.52125 0.021   71.020  0.053 3370.518 0.019
OGLE-LMC-DPV-097 16.086 16.227   7.751749 0.000202 3394.37383 0.177  302.622  0.109 3374.870 0.717
OGLE-LMC-DPV-098 16.177 16.262   5.620760 0.000034 3399.31633 0.215  191.740  0.074 3320.572 0.186
OGLE-LMC-DPV-099 15.683 15.698   5.593418 0.000121 3395.28816 0.061  191.796  0.221 3332.670 0.066
OGLE-LMC-DPV-100 17.701 17.886   3.584167 0.000077 3398.98094 0.058  131.397  0.103 3399.017 0.098
OGLE-LMC-DPV-101 16.723 16.946   8.138251 0.000010 3392.40202 1.079  311.080  0.110 3100.204 0.118
OGLE-LMC-DPV-102 17.088 17.448   5.869828 0.000159 3395.09722 0.053  196.835  0.197 3310.219 0.070
OGLE-LMC-DPV-103 15.475 15.833  27.806411 0.005243 3378.20076 0.077  931.680  4.080 3112.535 0.086
OGLE-LMC-DPV-104 16.451 16.875  10.920152 0.000370 3390.29922 0.039  414.661  0.152 3336.576 0.229
OGLE-LMC-DPV-105 14.841 15.019   7.554796 0.000241 3395.22451 0.053  217.047  0.088 3241.807 0.186
OGLE-LMC-DPV-106 16.107 16.303  10.334393 0.000295 3396.44098 0.171  404.119  0.335 3224.447 0.350
OGLE-LMC-DPV-107 16.524 16.801   6.967809 0.000079 3397.87994 0.104  282.033  0.115 3252.832 0.178
OGLE-LMC-DPV-108 16.787 17.155   6.633230 0.000051 3397.86807 0.212  195.159  0.090 3314.692 0.165
OGLE-LMC-DPV-109 17.297 17.624   5.116996 0.000016 3395.99646 0.636  170.596  0.167 3278.130 0.110
OGLE-LMC-DPV-110 15.315 15.507   7.153469 0.000385 3394.62354 0.027  208.937  0.103 3213.182 0.131
OGLE-LMC-DPV-111 16.905 17.148   4.723904 0.000050 3397.94490 0.118  149.424  0.060 3345.038 0.165
OGLE-LMC-DPV-112 16.792 17.033   8.645031 0.000019 3393.79257 1.219  339.775  0.171 3113.367 0.242
OGLE-LMC-DPV-113 17.053 17.401   7.351079 0.000094 3397.61622 0.102  266.018  0.085 3394.330 0.232
OGLE-LMC-DPV-114 16.773 17.213   6.586601 0.000138 3395.35059 0.110  241.621  0.125 3239.813 0.250
OGLE-LMC-DPV-115 16.070 16.282   7.613359 0.000162 3392.63147 0.090  284.495  0.065 3176.705 0.424
OGLE-LMC-DPV-116 16.962 17.291   5.773005 0.000123 3398.79339 0.066  181.008  0.117 3367.299 0.114
OGLE-LMC-DPV-117 17.155 17.483   6.088766 0.000194 3398.97049 0.059  203.555  0.142 3359.417 0.119
OGLE-LMC-DPV-118 16.217 16.574   5.684674 0.000119 3396.95903 0.048  157.978  0.156 3379.703 0.049
OGLE-LMC-DPV-119 17.419 17.771   5.013304 0.000054 3398.58780 0.075  173.132  0.032 3247.156 0.242
OGLE-LMC-DPV-120 18.006 18.412   4.537234 0.000089 3399.66352 0.115  151.304  0.140 3304.078 0.142
OGLE-LMC-DPV-121 16.819 17.202   7.626962 0.000029 3396.76688 0.782  272.313  0.193 3262.150 0.279
OGLE-LMC-DPV-122 17.469 18.146   6.957449 0.000226 3399.60199 0.090  226.230  0.162 3318.395 0.195
OGLE-LMC-DPV-123 16.392 16.539  12.759272 0.000481 3387.46202 0.083  425.835  0.173 3376.251 0.294
OGLE-LMC-DPV-124 17.681 17.917   5.205741 0.000029 3395.21976 0.387  166.386  0.290 3308.417 0.075
OGLE-LMC-DPV-125 16.447 16.510   4.603362 0.000049 3399.80682 0.115  174.730  0.129 3341.190 0.101
OGLE-LMC-DPV-126 16.981 17.079   4.455435 0.000058  723.20699 0.100  158.597  0.238  700.582 0.042
OGLE-LMC-DPV-127 17.871 18.042   6.541000 0.000191  725.26071 0.061  229.284  0.495  544.985 0.022
OGLE-LMC-DPV-128 15.793 15.897   5.854120 0.000163  724.09703 0.038  156.750  0.125  665.423 0.052
OGLE-LMC-DPV-129 16.254 16.258   8.492821 0.000018  721.97349 0.932  272.698  0.406  502.697 0.017
OGLE-LMC-DPV-130 16.443 16.664   0.938690 0.000004  726.46001 0.053   48.647  0.014  678.371 0.044
OGLE-LMC-DPV-131 16.643 16.650   5.845751 0.000009  455.38435 0.692  175.053  0.209  298.097 0.039
OGLE-LMC-DPV-132 15.022 14.853   1.102957 0.000002  457.20374 0.047   29.107  0.006  448.209 0.006
OGLE-LMC-DPV-133 16.945 17.164   4.411997 0.000093  457.45868 0.035  154.835  0.167  448.912 0.034
OGLE-LMC-DPV-134 17.281 17.411   6.007267 0.000011  827.18623 0.573  215.541  0.209  772.866 0.086
OGLE-LMC-DPV-135 16.319 16.478   5.563396 0.000071  446.15231 0.077  191.247  0.121  402.736 0.080
OGLE-LMC-DPV-136 17.426 17.707   4.114306 0.000086  455.63825 0.023  154.468  0.097  347.630 0.043
OGLE-LMC-DPV-137 16.920 17.311   7.613052 0.000024  720.85120 0.387  269.466  0.767  661.208 0.039
